nch, cnn, 0.1, 81.2, 1.2
nch, cnn, 0.2, 74.8, 0.9
nch, cnn, 0.3, 69.2, 0.9
nch, cnn, 0.4, 64.9, 0.9
nch, cnn, 0.5, 61.4, 0.4
[81.2, 74.8, 69.2, 64.9, 61.4]
[1.2, 0.9, 0.9, 0.9, 0.4]


nch, cnn-lstm, 0.1, 81.6, 1.3
nch, cnn-lstm, 0.2, 76.0, 1.1
nch, cnn-lstm, 0.3, 70.6, 1.1
nch, cnn-lstm, 0.4, 66.1, 0.9
nch, cnn-lstm, 0.5, 62.9, 0.9
[81.6, 76.0, 70.6, 66.1, 62.9]
[1.3, 1.1, 1.1, 0.9, 0.9]

nch, Transformer, 0.1, 86.4, 0.3
nch, Transformer, 0.2, 83.2, 0.5
nch, Transformer, 0.3, 79.7, 0.6
nch, Transformer, 0.4, 76.0, 0.9
nch, Transformer, 0.5, 72.5, 1.0
[86.4, 83.2, 79.7, 76.0, 72.5]
[0.3, 0.5, 0.6, 0.9, 1.0]


nch, qaf, 0.1, 92.8, 0.5
nch, qaf, 0.2, 92.1, 0.4
nch, qaf, 0.3, 91.1, 0.5
nch, qaf, 0.4, 89.8, 0.5
nch, qaf, 0.5, 88.1, 0.6
[92.8, 92.1, 91.1, 89.8, 88.1]
[0.5, 0.4, 0.5, 0.5, 0.6]
